3.733822  3.208713  5.069128  2.363513  3.646951  5.124804  3.650813
 [8]  3.756481  5.426771  9.318083 10.158642  4.176949  1.544579  2.586327
[15]  3.239394  2.656703  3.611691  6.037643 10.872411  3.075680  7.635905
[22] 16.233211 13.569377  9.680538  3.858207 15.529754 14.896730  3.878496
[29]  2.538018 10.020076 10.994143  5.127896  5.050658  5.404646 10.835603
[36]  2.981746  7.776152 17.063672 16.874431  9.484900  9.996806 18.264419
[43] 18.109890  5.977352  2.278580  5.645854  7.411662  3.606654 15.169109
[50]  9.520357 13.390625  9.863853 12.881026 11.042922  3.254059 11.358009
[57] 14.490419 15.674036 18.408043 11.153142  7.060554  8.359265 11.077995
[64]  9.899835 11.545321 14.397051 23.188692 11.087836 18.015617 19.891331
[71]  5.727871 19.145295  2.791931  4.866958  5.859807  3.292382  7.877964
[78] 17.602037 23.114300 13.710489 13.085873 10.235576 16.551690  8.261753
[85] 14.303432 18.128486  5.008222 15.694325 15.411434 18.289740 19.267399
[92] 10.688575  6.708704  9.933502 14.408686  9.522875
